# channel fid_xsec [fb] 14TeV MG_xsec[fb] Cut1_xsec[fb]
BP1 0.021302782366245717 0.3253938518125 0.026321274136392882
BP28 0.020195004151907003 0.311606147625 0.024989242808791227
BP62 0.015206573346150309 0.256581439875 0.019497673348043552
BP63 0.018384275151436837 0.2985677431875 0.023476322585467904
BP219 0.01659368121899374 0.2861830652499999 0.021331297451083257
BP220 0.014919063039388206 0.2636812626875 0.019442109908935964
BP502 0.017952093361376997 0.289936176 0.022475360322298323
BP586 0.01443888061416863 0.257617686 0.01899502192400261
BP626 0.015256397647129983 0.25206004387499996 0.019233311608190386
BP635 0.012782106939277019 0.230046225 0.016901333741559874
BP658 0.010565874352595506 0.20199046650 0.01398356227523632
BP668 0.010549181838075699 0.20328925125 0.014113389594777006
BP673 0.013073545489442765 0.2304566725 0.016973849298978726
BP678 0.012078022741467326 0.22835563987499998 0.016032293550639592
BP684 0.013184672111822135 0.230241374374999 0.01697034678588919
BP685 0.010694011835329736 0.202099556937 0.014099800773314474
BP728 0.0091910567023163 0.1749166541875 0.012049660716132301
BP732 0.00921363680514957 0.175367207187500 0.012145370829451689
BP752 0.009067278260276973 0.1741906340625 0.011971212771637601
BP754 0.011412669940330996 0.201750694625 0.014661498308867675
BP758 0.011640665833155001 0.20481644112500002 0.015010703671690648
BP763 0.011959771939356408 0.17467851625 0.01195977193935640
BP765 0.010650917915510297 0.1984628640625 0.01388800631552763
BP787 0.01314648754823257 0.2220930278124999 0.0167756252409499
BP791 0.008761282291069782 0.170050425375 0.01148219364697778
BP826 0.009618715245717262 0.174279917625 0.01242607223091894
BP841 0.009026983934727461 0.1655250511875 0.011748994794169123
BP850 0.01145107142470452 0.203983545125 0.01472973018734862
BP855 0.007979714664783082 0.14175029537500002 0.010149856981076363
BP872 0.00807921791682328 0.1474474305 0.01036420336082784
BP875 0.00815418448694167 0.14706520706249997 0.010444965658596024
BP881 0.008179158022887994 0.1476435029375 0.01045738653030359
BP996 0.008040275361482212 0.1468959215 0.010337011291262996
BP1017 0.007954865940532345 0.1461926333125 0.010201608530535389
BP1035 0.007901561878193504 0.1453263253125 0.0101892992141444
BP1036 0.008071982247522404 0.14596149225 0.010436684374186676
BP1087 0.008060294709819402 0.14629361837499997 0.01034204038837656
BP1103 0.008221676658690143 0.1470026726875 0.010550019249636
BP1104 0.008166450723257068 0.1500982774375 0.01059106450871226
BP2381 0.008422099998073205 0.159526869 0.01097946758872901
BP35018 0.013350927151019725 0.24761963075 0.017682796492771876
